seqnames	start	end	width	strand	Median
2	16000001	17000000	1000000	*	NA
2	25000001	26000000	1000000	*	1.42561747408964
2	46000001	47000000	1000000	*	-0.953665945605364
2	198000001	199000000	1000000	*	-0.360395231099777
2	209000001	210000000	1000000	*	-1.46102701201354
3	41000001	42000000	1000000	*	0.866779216522333
3	42000001	43000000	1000000	*	-3.51723257228041
3	47000001	48000000	1000000	*	1.48911711868317
3	105000001	106000000	1000000	*	NA
3	128000001	129000000	1000000	*	-0.660835687612497
4	24000001	25000000	1000000	*	0.821184033526328
4	55000001	56000000	1000000	*	-0.919128469448924
4	106000001	107000000	1000000	*	1.51358321409576
4	164000001	165000000	1000000	*	-1.14952993193083
5	35000001	36000000	1000000	*	-1.20020897800915
5	131000001	132000000	1000000	*	0.661420885255878
5	148000001	149000000	1000000	*	0.453246608454527
5	149000001	150000000	1000000	*	1.71546442700472
5	170000001	171000000	1000000	*	-1.3979852425519
5	176000001	177000000	1000000	*	-0.225690568446719
6	41000001	42000000	1000000	*	-1.01849694053165
6	79000001	80000000	1000000	*	1.99567124930712
6	99000001	100000000	1000000	*	-1.98127181220625
6	135000001	136000000	1000000	*	0.55148938476429
7	50000001	51000000	1000000	*	NA
7	92000001	93000000	1000000	*	2.43217012406997
7	101000001	102000000	1000000	*	1.50656708808658
7	134000001	135000000	1000000	*	-1.42957370958001
7	139000001	140000000	1000000	*	NA
7	140000001	141000000	1000000	*	-2.54968503695577
7	148000001	149000000	1000000	*	0.739377613862497
7	152000001	153000000	1000000	*	-0.104200969827981
8	3000001	4000000	1000000	*	-0.653731228897843
8	77000001	78000000	1000000	*	NA
8	117000001	118000000	1000000	*	0.633071327800551
9	5000001	6000000	1000000	*	-0.407832807688024
9	15000001	16000000	1000000	*	-1.9008895316282
9	21000001	22000000	1000000	*	-1.88506504872218
9	22000001	23000000	1000000	*	-2.26365898647139
9	86000001	87000000	1000000	*	0.480756884354331
9	136000001	137000000	1000000	*	NA
9	139000001	140000000	1000000	*	NA
10	112000001	113000000	1000000	*	0.64354876032247
11	32000001	33000000	1000000	*	0.00499931674336843
11	64000001	65000000	1000000	*	-0.786955834344721
11	85000001	86000000	1000000	*	0.501159485825501
11	118000001	119000000	1000000	*	1.47126504382722
11	119000001	120000000	1000000	*	0.336652022107761
12	11000001	12000000	1000000	*	-1.47047315873748
12	12000001	13000000	1000000	*	0.529533164132071
12	22000001	23000000	1000000	*	-0.136295548173986
12	25000001	26000000	1000000	*	-2.1440292689203
12	50000001	51000000	1000000	*	-0.397657747685821
12	54000001	55000000	1000000	*	-0.821645586524287
12	92000001	93000000	1000000	*	-1.46236364779977
12	111000001	112000000	1000000	*	-0.527152186592702
12	112000001	113000000	1000000	*	0.0701168657706744
12	122000001	123000000	1000000	*	NA
13	28000001	29000000	1000000	*	-1.22394364049121
13	108000001	109000000	1000000	*	-0.686994492922858
14	99000001	100000000	1000000	*	-1.1323094356406
14	105000001	106000000	1000000	*	NA
15	40000001	41000000	1000000	*	-2.02285353090052
15	41000001	42000000	1000000	*	-0.973518365065098
15	66000001	67000000	1000000	*	-2.84982912231015
15	90000001	91000000	1000000	*	-2.24619667374973
16	67000001	68000000	1000000	*	-0.371004707704227
17	1000001	2000000	1000000	*	0.355956185598973
17	7000001	8000000	1000000	*	0.322377176245407
17	29000001	30000000	1000000	*	3.76243332164624
17	30000001	31000000	1000000	*	0.87199043993434
17	40000001	41000000	1000000	*	-0.342267284150635
17	42000001	43000000	1000000	*	-0.790512352370277
17	56000001	57000000	1000000	*	0.611952292322477
17	58000001	59000000	1000000	*	0.238120264058225
17	74000001	75000000	1000000	*	-2.843083133896
18	42000001	43000000	1000000	*	1.34747193162606
19	4000001	5000000	1000000	*	1.49940890099667
19	10000001	11000000	1000000	*	0.866245333209359
19	11000001	12000000	1000000	*	-0.151024771891989
19	13000001	14000000	1000000	*	-3.59230683925217
19	23000001	24000000	1000000	*	0.0568256919463667
19	33000001	34000000	1000000	*	-2.02951449994382
19	56000001	57000000	1000000	*	0.557524571225463
20	31000001	32000000	1000000	*	0.886706553069152
20	57000001	58000000	1000000	*	-1.83009298980665
21	36000001	37000000	1000000	*	-0.0103994256672902
21	44000001	45000000	1000000	*	NA
22	28000001	29000000	1000000	*	0.360487445679844
22	29000001	30000000	1000000	*	0.616205911488612
22	30000001	31000000	1000000	*	1.16369127867152
X	15000001	16000000	1000000	*	0
X	39000001	40000000	1000000	*	0.646085019737352
X	41000001	42000000	1000000	*	-0.169006324636655
X	44000001	45000000	1000000	*	0.910876460053647
X	47000001	48000000	1000000	*	1.46652313780601
X	48000001	49000000	1000000	*	-0.602777107053316
X	53000001	54000000	1000000	*	-1.03995025039089
X	100000001	101000000	1000000	*	-1.67518663646401
X	123000001	124000000	1000000	*	1.07544505331022
X	129000001	130000000	1000000	*	1.13038252089182
X	133000001	134000000	1000000	*	-1.23679019288931
